0,597
0,619
0,265
0,264
0,478
0,518
0,263
0,262
0,261
0,542
0,260
0,259
0,258
0,257
0,256
0,578
0,255
0,254
0,253
0,628
0,252
0,586
0,251
0,250
0,249
0,248
0,247
0,246
0,245
0,244
0,242
0,241
0,240
0,239
0,238
0,237
0,236
0,235
0,234
0,233
0,232
0,231
0,230
0,229
0,228
0,227
0,226
0,225
0,224
0,223
0,222
0,221
0,220
0,219
0,218
0,217
0,216
0,215
0,214
0,211
0,210
0,206
0,205
0,204
0,203
0,202
0,201
0,200
0,199
0,198
0,197
0,196
0,195
0,194
0,193
0,192
0,61
0,60
0,54
0,47
0,63
0,599
0,629
0,62
14,12
0,56
0,59
0,625
0,598
0,58
0,609
0,57
0,618
0,55
0,612
275,31
0,53
239,3
237,3
241,4
0,605
234,3
235,3
241,3
236,3
0,52
0,594
240,3
0,51
0,604
0,50
0,588
0,49
0,593
0,48
0,600
0,46
0,590
0,45
0,603
0,6
0,382
0,5
252,3
252,4
306,3
302,3
14,15
279,6
0,330
0,329
0,326
0,325
0,322
0,321
279,5
279,4
0,311
0,310
0,318
0,309
0,307
0,305
0,303
0,301
0,300
0,299
0,298
0,297
0,296
0,295
0,294
0,293
0,292
0,291
0,290
0,289
0,288
0,287
0,286
0,285
0,284
0,283
0,282
0,472
0,280
0,279
0,277
